acronym_1;hourS;minS;hourE;minE;currentC;day;roomID;type_1;nameR
AGRP26;16;0;17;30;122;2;2448131365113;TEORICA;A1
AGRP26;15;30;17;0;122;4;2448131365113;TEORICA;A1
CDI39111326;12;30;14;0;111;2;2448131365113;TEORICA;A1
CDI39111326;8;0;9;30;111;4;2448131365113;TEORICA;A1
CS111326;9;30;12;30;87;2;2448131365113;TEORICA;A1
Dir5111326;19;0;20;0;25;5;2448131365113;TEORICA;A1
EEle5111326;13;30;15;0;138;3;2448131365113;TEORICA;A1
EEle5111326;13;30;15;0;138;5;2448131365113;TEORICA;A1
ESof14111326;8;0;9;30;85;3;2448131365113;TEORICA;A1
ESof14111326;8;30;10;0;56;6;2448131365113;TEORICA;A1
IAED10111326;11;0;12;30;119;3;2448131365113;TEORICA;A1
IAED10111326;9;30;11;0;119;5;2448131365113;TEORICA;A1
LP5111326;9;30;11;0;140;3;2448131365113;TEORICA;A1
LP5111326;11;0;12;30;140;5;2448131365113;TEORICA;A1
SDis15111326;11;0;12;30;113;4;2448131365113;TEORICA;A1
SSina10111326;14;0;15;30;128;2;2448131365113;TEORICA;A1
TFT9111326;15;0;16;30;59;5;2448131365113;PROBLEMS;A1
TFT9111326;16;30;18;0;60;3;2448131365113;PROBLEMS;A1
TFT9111326;15;0;16;30;147;3;2448131365113;TEORICA;A1
TFT9111326;16;30;18;0;147;5;2448131365113;TEORICA;A1
ACED25111326;18;30;20;0;238;2;2448131365117;TEORICA;A2
ACED25111326;18;30;20;0;238;4;2448131365117;TEORICA;A2
ACED25111326;17;30;18;30;238;6;2448131365117;TEORICA;A2
AGRP26;15;30;17;0;122;4;2448131365117;TEORICA;A2
AMS111326;11;0;12;30;83;3;2448131365117;TEORICA;A2
AMS111326;11;0;12;30;83;5;2448131365117;TEORICA;A2
ASA10111326;14;0;15;30;126;2;2448131365117;TEORICA;A2
CDI40111326;12;30;13;30;264;2;2448131365117;TEORICA;A2
CDI40111326;8;30;9;30;264;4;2448131365117;TEORICA;A2
EO9111326;15;30;17;0;181;3;2448131365117;TEORICA;A2
EO9111326;14;30;16;0;181;6;2448131365117;TEORICA;A2
ESof14111326;10;0;11;30;85;6;2448131365117;TEORICA;A2
FIO5111326;9;30;11;0;117;3;2448131365117;TEORICA;A2
IPM17111326;17;0;18;30;90;3;2448131365117;TEORICA;A2
IPM17111326;17;0;18;30;90;5;2448131365117;TEORICA;A2
MD5111326;8;0;9;30;121;2;2448131365117;LABORATORIAL;A2
MD5111326;11;0;12;30;123;2;2448131365117;TEORICA;A2
MO15111326;9;30;11;0;121;2;2448131365117;TEORICA;A2
MO15111326;11;0;12;30;121;4;2448131365117;TEORICA;A2
PEst20111326;17;0;18;30;250;2;2448131365117;TEORICA;A2
TCom111326;14;30;15;30;119;3;2448131365117;TEORICA;A2
TCom111326;15;30;16;30;119;5;2448131365117;TEORICA;A2
AL20111326;17;0;18;30;40;3;2448131365119;PROBLEMS;0 - 9
CDI39111326;13;30;15;0;26;5;2448131365119;PROBLEMS;0 - 9
CMat5111326;11;0;12;30;35;2;2448131365119;PROBLEMS;0 - 9
DEle5111326;17;0;19;0;33;5;2448131365119;PROBLEMS;0 - 9
DEle5111326;15;30;17;0;34;5;2448131365119;TEORICA;0 - 9
SPQ26;13;0;14;30;15;2;2448131365119;TEORICA;0 - 9
SSina10111326;15;30;17;0;30;2;2448131365119;PROBLEMS;0 - 9
TCom111326;13;0;14;30;40;3;2448131365119;PROBLEMS;0 - 9
TEM5111326;15;30;16;30;27;4;2448131365119;PROBLEMS;0 - 9
TEM5111326;14;30;16;0;28;6;2448131365119;TEORICA;0 - 9
ACom10111326;11;30;13;0;29;6;2448131365126;PROBLEMS;0 - 13
CDI40111326;11;0;12;30;48;2;2448131365126;PROBLEMS;0 - 13
CDI40111326;13;30;15;0;19;3;2448131365126;PROBLEMS;0 - 13
CDI40111326;9;30;11;0;48;4;2448131365126;PROBLEMS;0 - 13
CMat5111326;14;30;16;0;30;2;2448131365126;PROBLEMS;0 - 13
CMat5111326;15;30;17;0;40;5;2448131365126;PROBLEMS;0 - 13
ESEmb10111326;10;0;11;0;30;6;2448131365126;PROBLEMS;0 - 13
LD26;17;0;17;30;26;3;2448131365126;LABORATORIAL;0 - 13
LD26;16;0;17;0;29;3;2448131365126;PROBLEMS;0 - 13
Micr5111326;17;0;18;30;32;5;2448131365126;PROBLEMS;0 - 13
SSina10111326;12;30;14;0;35;2;2448131365126;PROBLEMS;0 - 13
TFT9111326;10;30;12;0;24;5;2448131365126;PROBLEMS;0 - 13
ACED25111326;17;0;18;30;40;4;2448131365127;PROBLEMS;0 - 15
AGRP26;10;0;11;0;36;4;2448131365127;PROBLEMS;0 - 15
AL20111326;17;0;18;30;26;5;2448131365127;PROBLEMS;0 - 15
CDI40111326;11;0;12;30;48;2;2448131365127;PROBLEMS;0 - 15
CEPAF5111326;15;0;16;30;12;5;2448131365127;PROBLEMS;0 - 15
CMul111326;15;0;16;30;27;3;2448131365127;PROBLEMS;0 - 15
CMul111326;13;30;15;0;28;3;2448131365127;TEORICA;0 - 15
EEle5111326;11;30;13;0;30;3;2448131365127;PROBLEMS;0 - 15
GSE;14;0;15;30;35;4;2448131365127;PROBLEMS;0 - 15
MD5111326;9;30;11;0;40;2;2448131365127;PROBLEMS;0 - 15
SSina10111326;11;30;13;0;35;5;2448131365127;PROBLEMS;0 - 15
TRCom26;13;0;14;30;34;2;2448131365127;TEORICA;0 - 15
ASA10111326;11;30;13;0;34;6;2448131365128;PROBLEMS;0 - 17
Com5645111326;13;30;15;0;33;3;2448131365128;LABORATORIAL;0 - 17
EEle5111326;16;30;18;0;30;3;2448131365128;PROBLEMS;0 - 17
GEst2626;10;0;11;30;30;4;2448131365128;PROBLEMS;0 - 17
SCom10111326;11;0;13;0;40;2;2448131365128;PROBLEMS;0 - 17
SPO26;11;0;11;30;19;5;2448131365128;LABORATORIAL;0 - 17
SPO26;10;0;11;0;19;5;2448131365128;PROBLEMS;0 - 17
TM-TF;9;0;12;30;52;3;2448131365128;LABORATORIAL;0 - 17
ADI26;9;30;11;0;29;3;2448131365129;TEORICA;0 - 19
ADI26;11;0;12;30;29;6;2448131365129;TEORICA;0 - 19
ADSI26;11;0;12;30;43;3;2448131365129;TEORICA;0 - 19
ADSI26;9;30;11;0;43;6;2448131365129;TEORICA;0 - 19
IE26;9;30;11;0;24;2;2448131365129;TEORICA;0 - 19
IE26;12;30;14;0;24;4;2448131365129;TEORICA;0 - 19
AED10111326;16;0;17;0;0;2;2448131365130;LABORATORIAL;0 - 21
AED10111326;12;30;13;30;0;3;2448131365130;LABORATORIAL;0 - 21
AED10111326;17;0;17;30;0;2;2448131365130;PROBLEMS;0 - 21
AED10111326;13;30;14;0;0;3;2448131365130;PROBLEMS;0 - 21
AGRP26;18;0;18;30;40;4;2448131365130;LABORATORIAL;0 - 21
IAED10111326;9;30;11;0;17;4;2448131365130;LABORATORIAL;0 - 21
IAED10111326;11;0;12;30;19;4;2448131365130;LABORATORIAL;0 - 21
ACED25111326;17;0;18;30;40;4;2448131365131;PROBLEMS;0 - 23
ACED25111326;18;30;20;0;45;6;2448131365131;PROBLEMS;0 - 23
AMS111326;13;30;15;0;22;3;2448131365131;PROBLEMS;0 - 23
AMS111326;13;30;15;0;22;3;2448131365131;PROBLEMS;0 - 23
AMS111326;13;30;15;0;22;3;2448131365131;PROBLEMS;0 - 23
AMS111326;15;0;16;30;2;3;2448131365131;PROBLEMS;0 - 23
AMS111326;15;0;16;30;2;3;2448131365131;PROBLEMS;0 - 23
AMS111326;15;0;16;30;2;3;2448131365131;PROBLEMS;0 - 23
AMS111326;8;0;9;30;33;5;2448131365131;PROBLEMS;0 - 23
AMS111326;8;0;9;30;33;5;2448131365131;PROBLEMS;0 - 23
AMS111326;13;30;15;0;25;5;2448131365131;PROBLEMS;0 - 23
AMS111326;13;30;15;0;25;5;2448131365131;PROBLEMS;0 - 23
APro5111326;12;0;13;30;35;2;2448131365131;PROBLEMS;0 - 23
APro5111326;12;0;13;30;35;2;2448131365131;PROBLEMS;0 - 23
FIO5111326;11;30;13;0;34;3;2448131365131;PROBLEMS;0 - 23
LP5111326;9;30;11;0;24;2;2448131365131;PROBLEMS;0 - 23
RO10111326;8;0;9;30;22;3;2448131365131;PROBLEMS;0 - 23
RO10111326;9;30;11;0;22;3;2448131365131;TEORICA;0 - 23
SAI5111326;11;0;12;30;9;5;2448131365131;TEORICA;0 - 23
SAI5111326;9;0;10;30;9;6;2448131365131;TEORICA;0 - 23
SPQ26;14;30;16;0;15;6;2448131365131;PROBLEMS;0 - 23
SPQ26;13;0;14;30;15;6;2448131365131;TEORICA;0 - 23
AGRP26;17;0;18;0;40;4;2448131365132;PROBLEMS;0 - 25
ASA10111326;11;0;12;30;28;5;2448131365132;PROBLEMS;0 - 25
CEPAF5111326;9;30;11;0;13;4;2448131365132;TEORICA;0 - 25
GEst2626;16;0;17;30;38;3;2448131365132;PROBLEMS;0 - 25
GQS5111326;14;30;16;0;20;2;2448131365132;PROBLEMS;0 - 25
LP5111326;9;30;11;0;25;2;2448131365132;PROBLEMS;0 - 25
LP5111326;8;0;9;30;25;3;2448131365132;PROBLEMS;0 - 25
Micr5111326;13;0;14;30;35;3;2448131365132;PROBLEMS;0 - 25
RS10111326;11;0;12;30;8;2;2448131365132;TEORICA;0 - 25
RS10111326;11;0;12;30;8;4;2448131365132;TEORICA;0 - 25
SPO26;18;30;19;0;34;2;2448131365132;LABORATORIAL;0 - 25
SPO26;17;30;18;30;35;2;2448131365132;PROBLEMS;0 - 25
TCom111326;11;0;12;30;34;3;2448131365132;PROBLEMS;0 - 25
TRCom26;14;30;16;0;29;6;2448131365132;PROBLEMS;0 - 25
TRCom26;13;0;14;30;34;6;2448131365132;TEORICA;0 - 25
IAED10111326;13;30;15;0;19;5;2448131365133;LABORATORIAL;0 - 27
IAED10111326;11;30;13;0;21;6;2448131365133;LABORATORIAL;0 - 27
IAED10111326;13;0;14;30;21;6;2448131365133;LABORATORIAL;0 - 27
IE26;9;30;11;0;19;4;2448131365133;LABORATORIAL;0 - 27
SDis15111326;11;0;12;30;26;4;2448131365133;LABORATORIAL;0 - 27
SEConf26;11;0;12;30;18;2;2448131365133;LABORATORIAL;0 - 27
ACED25111326;17;0;18;30;40;4;2448131365134;PROBLEMS;A3
ACED25111326;17;0;18;30;40;4;2448131365134;PROBLEMS;A3
AL20111326;15;30;17;0;69;3;2448131365134;TEORICA;A3
CMat5111326;9;30;11;0;105;2;2448131365134;TEORICA;A3
CMU52;15;30;17;0;53;4;2448131365134;TEORICA;A3
CNVir26;8;0;9;30;43;5;2448131365134;TEORICA;A3
GRS5111326;8;0;9;30;62;4;2448131365134;TEORICA;A3
GRS5111326;9;30;11;0;62;5;2448131365134;TEORICA;A3
IAED10111326;9;30;11;0;74;3;2448131365134;TEORICA;A3
IRC10111326;13;30;14;30;80;3;2448131365134;TEORICA;A3
LD26;13;0;14;30;116;5;2448131365134;TEORICA;A3
MC5111326;13;0;14;30;79;6;2448131365134;TEORICA;A3
Micr5111326;11;0;12;30;109;3;2448131365134;TEORICA;A3
Micr5111326;11;30;13;0;109;5;2448131365134;TEORICA;A3
MO13111326;9;30;11;0;85;4;2448131365134;TEORICA;A3
MO13111326;10;0;11;30;85;6;2448131365134;TEORICA;A3
SDis15111326;14;0;15;30;98;4;2448131365134;TEORICA;A3
SPO26;14;30;16;0;92;2;2448131365134;TEORICA;A3
SPO26;16;0;17;30;92;5;2448131365134;TEORICA;A3
TM-TF;13;0;14;30;81;2;2448131365134;TEORICA;A3
ACom10111326;9;30;11;0;110;4;2448131365135;TEORICA;A4
ACom10111326;10;0;11;30;110;6;2448131365135;TEORICA;A4
Com5645111326;9;30;11;0;122;3;2448131365135;TEORICA;A4
EEC5111326;17;0;18;30;88;4;2448131365135;PROBLEMS;A4
ESEmb10111326;11;0;12;30;89;4;2448131365135;TEORICA;A4
ESEmb10111326;11;30;13;0;89;6;2448131365135;TEORICA;A4
FIO5111326;13;30;15;0;117;2;2448131365135;TEORICA;A4
IAED10111326;11;0;12;30;74;5;2448131365135;TEORICA;A4
IETI111326;12;30;14;0;64;3;2448131365135;PROBLEMS;A4
IETI111326;9;30;11;0;64;5;2448131365135;PROBLEMS;A4
MC5111326;14;0;15;30;79;4;2448131365135;TEORICA;A4
PEst20111326;11;30;13;0;41;2;2448131365135;PROBLEMS;A4
PP78;17;0;19;0;69;2;2448131365135;SEMINARY;A4
SCom10111326;9;30;11;0;113;2;2448131365135;TEORICA;A4
SCom10111326;11;0;12;30;113;3;2448131365135;TEORICA;A4
SSina10111326;14;0;15;30;128;5;2448131365135;TEORICA;A4
TM-TF;14;30;15;30;67;6;2448131365135;PROBLEMS;A4
TM-TF;13;0;14;30;81;6;2448131365135;TEORICA;A4
AL20111326;15;30;17;0;69;5;2448131365136;TEORICA;A5
APro5111326;9;0;10;30;101;2;2448131365136;TEORICA;A5
APro5111326;9;0;10;30;101;6;2448131365136;TEORICA;A5
CMat5111326;14;0;15;30;105;5;2448131365136;TEORICA;A5
CNVir26;16;30;18;0;43;6;2448131365136;TEORICA;A5
GEst2626;14;30;16;0;109;3;2448131365136;TEORICA;A5
GEst2626;14;0;15;30;109;4;2448131365136;TEORICA;A5
GO5111326;10;30;12;0;89;3;2448131365136;TEORICA;A5
GQS5111326;10;30;12;0;87;2;2448131365136;TEORICA;A5
GSE;10;30;12;0;98;4;2448131365136;TEORICA;A5
GSE;10;30;12;0;98;6;2448131365136;TEORICA;A5
IIPM5111326;17;0;18;30;52;3;2448131365136;TEORICA;A5
IIPM5111326;17;0;18;30;52;5;2448131365136;TEORICA;A5
LD26;13;0;14;30;116;3;2448131365136;TEORICA;A5
SIBD5111326;9;0;10;30;77;3;2448131365136;TEORICA;A5
SIBD5111326;9;0;10;30;77;4;2448131365136;TEORICA;A5
APro5111326;12;0;13;30;26;6;2448131365167;PROBLEMS;0 - 16
CDI39111326;9;30;11;0;15;2;2448131365167;PROBLEMS;0 - 16
CDI39111326;14;0;15;30;11;4;2448131365167;PROBLEMS;0 - 16
DEle5111326;15;30;17;0;34;3;2448131365167;TEORICA;0 - 16
LP5111326;12;30;14;0;25;3;2448131365167;PROBLEMS;0 - 16
PCM26;15;30;17;0;39;2;2448131365167;TEORICA;0 - 16
PCM26;17;0;18;30;39;4;2448131365167;TEORICA;0 - 16
SEConf26;13;30;15;0;40;2;2448131365167;TEORICA;0 - 16
SEConf26;9;30;11;0;40;4;2448131365167;TEORICA;0 - 16
SPDS9111326;15;30;17;0;14;4;2448131365167;TEORICA;0 - 16
ACom10111326;11;0;12;30;34;3;2448131365195;PROBLEMS; 1 - 2
DMG10111326;8;30;11;0;36;3;2448131365195;LABORATORIAL; 1 - 2
DMG10111326;9;30;11;30;36;5;2448131365195;LABORATORIAL; 1 - 2
DMG10111326;13;0;15;30;36;3;2448131365195;LABORATORIAL; 1 - 2
DMG10111326;15;30;18;0;26;3;2448131365195;LABORATORIAL; 1 - 2
FIO5111326;15;0;16;30;31;2;2448131365195;PROBLEMS; 1 - 2
GQS5111326;12;0;13;30;34;2;2448131365195;PROBLEMS; 1 - 2
AEmp26;14;0;15;30;38;3;2448131365196;TEORICA; 1 - 3
CDI39111326;9;30;11;0;29;4;2448131365196;PROBLEMS; 1 - 3
CMul111326;16;30;18;0;28;2;2448131365196;TEORICA; 1 - 3
MC5111326;10;30;12;0;14;6;2448131365196;TEORICA; 1 - 3
OGFI26;17;0;18;30;63;5;2448131365196;TEORICA; 1 - 3
SIBD5111326;12;0;13;30;30;3;2448131365196;LABORATORIAL; 1 - 3
SIBD5111326;14;0;15;30;30;4;2448131365196;LABORATORIAL; 1 - 3
CPS1326;15;0;17;0;11;3;2448131365197;TEORICA; 1 - 4
DMG10111326;8;30;11;0;36;3;2448131365197;LABORATORIAL; 1 - 4
DMG10111326;9;30;11;30;36;5;2448131365197;LABORATORIAL; 1 - 4
GO5111326;11;30;13;0;32;5;2448131365197;PROBLEMS; 1 - 4
GO5111326;11;30;13;0;32;5;2448131365197;PROBLEMS; 1 - 4
GO5111326;11;30;13;0;32;5;2448131365197;PROBLEMS; 1 - 4
LP5111326;9;30;11;0;18;4;2448131365197;PROBLEMS; 1 - 4
RO10111326;9;30;11;0;22;2;2448131365197;TEORICA; 1 - 4
SPO26;15;30;16;0;34;5;2448131365197;LABORATORIAL; 1 - 4
SPO26;14;30;15;30;34;5;2448131365197;PROBLEMS; 1 - 4
APro5111326;12;0;13;30;35;2;2448131365204;PROBLEMS; 1 - 11
DMG10111326;14;0;16;0;36;4;2448131365224;LABORATORIAL; 1 - 22
DMG10111326;16;0;18;0;26;4;2448131365224;LABORATORIAL; 1 - 22
ESof14111326;9;30;11;0;56;3;2448131365224;TEORICA; 1 - 22
GO5111326;12;0;13;30;32;3;2448131365224;PROBLEMS; 1 - 22
GSE;12;0;13;30;45;6;2448131365224;PROBLEMS; 1 - 22
MC5111326;11;0;12;30;14;4;2448131365224;TEORICA; 1 - 22
AASMA26;13;30;15;0;29;3;2448131373043;LABORATORIAL;0 - 32
AASMA26;16;30;18;0;33;3;2448131373043;TEORICA;0 - 32
AED10111326;14;30;16;0;54;2;2448131373043;TEORICA;0 - 32
AED10111326;11;0;12;30;54;3;2448131373043;TEORICA;0 - 32
COE5111326;14;0;15;30;30;4;2448131373043;PROBLEMS;0 - 32
CPS1326;13;0;15;0;11;5;2448131373043;TEORICA;0 - 32
IASin5111326;9;30;11;0;40;3;2448131373043;TEORICA;0 - 32
IASin5111326;9;30;11;0;40;4;2448131373043;TEORICA;0 - 32
MN5111326;11;0;12;30;34;5;2448131373043;PROBLEMS;0 - 32
MN5111326;11;0;12;30;34;2;2448131373043;TEORICA;0 - 32
MN5111326;9;30;11;0;34;5;2448131373043;TEORICA;0 - 32
